8 A 8 0 0 0 30 0 0,     8 A 6 16 0 0 -30 0 0,     8 A 0 8 1.57 30 0 0 0, 
16 A 4 0 0 0 30 0 0,    16 A 10 16 0 0 -30 0 0,   16 A 16 12 1.57 -30 0 0 0, 
24 A 12 0 0 0 30 0 0,   24 A 0 4 1.57 30 0 0 0,   24 A 16 10 1.57 -30 0 0 0, 
32 A 8 16 0 0 -30 0 0,  32 A 0 8 1.57 30 0 0 0,   32 A 16 6 1.57 -30 0 0 0, 
40 A 10 0 0 0 30 0 0,   40 A 6 16 0 0 -30 0 0,    40 A 0 4 1.57 30 0 0 0, 
48 A 4 0 0 0 30 0 0,    48 A 12 16 0 0 -30 0 0,   48 A 16 10 1.57 -30 0 0 0, 
56 A 10 0 0 0 30 0 0,   56 A 0 6 1.57 30 0 0 0,   56 A 16 8 1.57 -30 0 0 0, 
64 A 8 16 0 0 -30 0 0,  64 A 0 4 1.57 30 0 0 0,   64 A 16 12 1.57 -30 0 0 0, 
72 A 6 0 0 0 30 0 0,    72 A 8 16 0 0 -30 0 0,    72 A 0 10 1.57 30 0 0 0, 
80 A 12 0 0 0 30 0 0,   80 A 10 16 0 0 -30 0 0,   80 A 16 8 1.57 -30 0 0 0, 
88 A 4 0 0 0 30 0 0,    88 A 0 4 1.57 30 0 0 0,   88 A 16 12 1.57 -30 0 0 0, 
96 A 6 16 0 0 -30 0 0,  96 A 0 8 1.57 30 0 0 0,   96 A 16 6 1.57 -30 0 0 0, 
104 A 10 0 0 0 50 0 -2,  104 A 12 16 0 0 -50 0 2,  104 A 0 12 1.57 50 0 -2 0,
112 A 6 0 0 0 50 0 -2,   112 A 8 16 0 0 -50 0 2,   112 A 16 8 1.57 -50 0 2 0,
120 A 4 0 0 0 50 0 -2,   120 A 0 4 1.57 50 0 -2 0,  120 A 16 6 1.57 -50 0 2 0,
128 A 10 16 0 0 -50 0 2, 128 A 0 8 1.57 50 0 -2 0,  128 A 16 10 1.57 -50 0 2 0,
176 A 8 0 0 0 65 0 -4 800 60,
176 A 16 12 1.57 -50 0 0 0,
180 A 16 10 1.57 -50 0 0 0,
184 A 16 12 1.57 -50 0 0 0,
188 A 16 10 1.57 -50 0 0 0,
188 L 4 0 0, 188 L 8 0 0, 188 L 12 0 0,
192 L 6 12 3.14, 192 L 10 12 3.14