8 A 8 0 0 0 30 0 0,     8 A 6 16 0 0 -30 0 0,     8 A 0 8 1.57 30 0 0 0, 
16 A 4 0 0 0 30 0 0,    16 A 10 16 0 0 -30 0 0,   16 A 16 12 1.57 -30 0 0 0, 
24 A 12 0 0 0 30 0 0,   24 A 0 4 1.57 30 0 0 0,   24 A 16 10 1.57 -30 0 0 0, 
32 A 8 16 0 0 -30 0 0,  32 A 0 8 1.57 30 0 0 0,   32 A 16 6 1.57 -30 0 0 0,
40 A 10 0 0 0 30 0 0,   40 A 6 16 0 0 -30 0 0,    40 A 0 4 1.57 30 0 0 0, 
48 A 4 0 0 0 30 0 0,    48 A 12 16 0 0 -30 0 0,   48 A 16 10 1.57 -30 0 0 0, 
56 A 10 0 0 0 30 0 0,   56 A 0 6 1.57 30 0 0 0,   56 A 16 8 1.57 -30 0 0 0, 
64 A 8 16 0 0 -30 0 0,  64 A 0 4 1.57 30 0 0 0,   64 A 16 12 1.57 -30 0 0 0, 
72 A 6 0 0 0 30 0 0,    72 A 8 16 0 0 -30 0 0,    72 A 0 10 1.57 30 0 0 0, 
80 A 12 0 0 0 30 0 0,   80 A 10 16 0 0 -30 0 0,   80 A 16 8 1.57 -30 0 0 0, 
88 A 4 0 0 0 30 0 0,    88 A 0 4 1.57 30 0 0 0,   88 A 16 12 1.57 -30 0 0 0, 
96 A 6 16 0 0 -30 0 0,  96 A 0 8 1.57 30 0 0 0,   96 A 16 6 1.57 -30 0 0 0, 
104 A 10 0 0 0 50 0 -2,  104 A 12 16 0 0 -50 0 2,  104 A 0 12 1.57 50 0 -2 0, 
112 A 6 0 0 0 50 0 -2,   112 A 8 16 0 0 -50 0 2,   112 A 16 8 1.57 -50 0 2 0, 112 A 16 4 1.57 -50 0 2 0,
120 A 4 0 0 0 50 0 -2,   120 A 0 4 1.57 50 0 -2 0,  120 A 16 6 1.57 -50 0 2 0,
128 A 10 16 0 0 -50 0 2, 128 A 0 8 1.57 50 0 -2 0,  128 A 16 10 1.57 -50 0 2 0,
176 A 8 0 0 0 60 0 -4 800 120,
176 A 16 12 1.57 -50 0 0 0,
180 A 16 10 1.57 -50 0 0 0,
184 A 16 12 1.57 -50 0 0 0,
188 A 16 10 1.57 -50 0 0 0,
188 L 6 14 3.14,    188 L 10 14 3.14,
196 L 4 2 0,        196 L 8 2 0,        196 L 12 2 0,
200 A 16 5 1.57 -50 0 0 0 200 60, 200 A 16 11 1.57 -50 0 0 0 200 60, 204 T 0 0 0 50 0 0 0, 
208 A 4 0 0 0 50 0 0 100 60,      208 A 10 0 0 0 50 0 0 300 60,      212 T 16 0 0 50 0 0 0, 
216 A 0 9 1.57 50 0 0 0 400 60,   220 T 16 16 0 50 0 0 0,
224 A 6 16 0 0 -50 0 0 300 60,    224 A 12 16 0 0 -50 0 0 100 60,  228 T 0 16 0 50 0 0 0,
228 T 2 2 0 50 0 0 0,      230 T 8 0 0 50 0 0 0,      232 T 14 2 0 50 0 0 0,      234 T 16 8 0 50 0 0 0,      236 T 14 14 0 50 0 0 0,
238 T 8 16 0 50 0 0 0,     240 T 2 14 0 50 0 0 0,     242 T 0 8 0 50 0 0 0,
252 A 4 0 0 0 40 0 0,      252 A 8 16 0 0 -40 0 0,    252 A 0 12 1.57 40 0 0 0,   252 A 16 10 1.57 -40 0 0 0,
258 A 12 0 0 0 40 0 0,     258 A 6 16 0 0 -40 0 0,    258 A 0 8 1.57 40 0 0 0,    258 A 16 4 1.57 -40 0 0 0,
264 A 10 0 0 0 40 0 0,     264 A 8 16 0 0 -40 0 0,    264 A 0 6 1.57 40 0 0 0,    264 A 16 10 1.57 -40 0 0 0,
270 A 4 0 0 0 40 0 0,      270 A 12 16 0 0 -40 0 0,   270 A 0 12 1.57 40 0 0 0,   270 A 16 8 1.57 -40 0 0 0,
276 A 6 0 0 0 40 0 0,      276 A 10 16 0 0 -40 0 0,   276 A 0 4 1.57 40 0 0 0,    276 A 16 6 1.57 -40 0 0 0,
282 A 8 0 0 0 65 0 -3,     282 A 12 16 0 0 -65 0 3,   282 A 0 10 1.57 65 0 -3 0,  282 A 16 8 1.57 -65 0 3 0,
288 A 10 0 0 0 65 0 -3,    288 A 4 16 0 0 -65 0 3,    288 A 0 12 1.57 65 0 -3 0,  288 A 16 6 1.57 -65 0 3 0,
335 A 0 6 1.57 20 0 0 0 300 40, 335 A 16 10 1.57 -20 0 0 0 300 40,
350 A 0 6 1.57 20 0 0 0 300 40, 350 A 16 10 1.57 -20 0 0 0 300 40, 350 T 14 14 0 50 0 0 0,
365 A 0 6 1.57 20 0 0 0 300 40, 365 A 16 10 1.57 -20 0 0 0 300 40, 365 T 0 0 0 50 0 0 0,
380 A 0 6 1.57 20 0 0 0 300 40, 380 A 16 10 1.57 -20 0 0 0 300 40, 380 T 14 0 0 50 0 0 0, 380 T 0 14 0 50 0 0 0,
395 A 0 6 1.57 20 0 0 0 300 40, 395 A 16 10 1.57 -20 0 0 0 300 40, 395 T 16 8 0 50 0 0 0, 395 T 0 8 0 50 0 0 0,
420 A 6 0 0 0 30 0 0 300 40, 420 A 10 16 0 0 -30 0 0 300 40,
432 A 6 0 0 0 30 0 0 300 40, 432 A 10 16 0 0 -30 0 0 300 40, 438 T 14 14 0 50 0 0 0,
444 A 6 0 0 0 30 0 0 300 40, 444 A 10 16 0 0 -30 0 0 300 40, 450 T 0 14 0 50 0 0 0,
456 A 6 0 0 0 30 0 0 300 40, 456 A 10 16 0 0 -30 0 0 300 40, 462 T 0 0 0 50 0 0 0,
468 A 6 0 0 0 30 0 0 300 40, 468 A 10 16 0 0 -30 0 0 300 40, 474 T 14 0 0 50 0 0 0,
480 A 6 0 0 0 30 0 0 300 40, 480 A 10 16 0 0 -30 0 0 300 40, 486 T 14 14 0 50 0 0 0,
500 A 8 0 0 0 65 0 -4 800 120,
500 A 16 12 1.57 -50 0 0 0,
504 A 16 10 1.57 -50 0 0 0,
508 A 16 12 1.57 -50 0 0 0,
512 A 16 10 1.57 -50 0 0 0,
516 A 16 10 1.57 -50 0 0 0,
520 A 16 8 1.57 -65 0 4 0 800 120,
520 A 4 0 0 0 50 0 0,
524 A 4 0 0 0 50 0 0,
528 A 6 0 0 0 50 0 0,
532 A 4 0 0 0 50 0 0,
536 A 6 0 0 0 50 0 0,
540 A 0 8 1.57 65 0 -4 0 800 120,
540 A 12 16 0 0 -50 0 0,
544 A 10 16 0 0 -50 0 0,
548 A 12 16 0 0 -50 0 0,
552 A 12 16 0 0 -50 0 0,
556 A 10 16 0 0 -50 0 0,
560 A 8 16 0 0 -65 0 4 800 120,
560 A 16 4 1.57 -50 0 0 0,
564 A 16 6 1.57 -50 0 0 0,
568 A 16 4 1.57 -50 0 0 0,
572 A 16 6 1.57 -50 0 0 0,
576 A 16 4 1.57 -50 0 0 0,
600 A 7 0 0 0 20 0 0 500 60, 600 A 9 16 0 0 -20 0 0 500 60, 600 L 2 2 5.49, 600 L 14 2 0.79,
615 L 8 2 0, 615 L 14 8 1.57,
630 A 0 6 1.57 20 0 0 0 400 60, 630 A 0 12 1.57 20 0 0 0 100 60, 630 A 16 10 1.57 -20 0 0 0 400 60, 630 A 16 4 1.57 -20 0 0 0 100 60,
630 L 14 14 2.37, 630 L 2 14 3.93,
645 L 2 8 4.71, 645 L 8 14 3.14
