8 A 8 0 0 0 30 0 0,     8 A 6 16 0 0 -30 0 0,     8 A 0 8 1.57 30 0 0 0, 
16 A 4 0 0 0 30 0 0,    16 A 10 16 0 0 -30 0 0,   16 A 16 12 1.57 -30 0 0 0, 
24 A 12 0 0 0 30 0 0,   24 A 0 4 1.57 30 0 0 0,   24 A 16 10 1.57 -30 0 0 0, 
32 A 8 16 0 0 -30 0 0,  32 A 0 8 1.57 30 0 0 0,   32 A 16 6 1.57 -30 0 0 0,
40 A 10 0 0 0 30 0 0,   40 A 6 16 0 0 -30 0 0,    40 A 0 4 1.57 30 0 0 0, 
48 A 4 0 0 0 30 0 0,    48 A 12 16 0 0 -30 0 0,   48 A 16 10 1.57 -30 0 0 0, 
56 A 10 0 0 0 30 0 0,   56 A 0 6 1.57 30 0 0 0,   56 A 16 8 1.57 -30 0 0 0, 
64 A 8 16 0 0 -30 0 0,  64 A 0 4 1.57 30 0 0 0,   64 A 16 12 1.57 -30 0 0 0, 
72 A 6 0 0 0 30 0 0,    72 A 8 16 0 0 -30 0 0,    72 A 0 10 1.57 30 0 0 0, 
80 A 12 0 0 0 30 0 0,   80 A 10 16 0 0 -30 0 0,   80 A 16 8 1.57 -30 0 0 0, 
88 A 4 0 0 0 30 0 0,    88 A 0 4 1.57 30 0 0 0,   88 A 16 12 1.57 -30 0 0 0, 
96 A 6 16 0 0 -30 0 0,  96 A 0 8 1.57 30 0 0 0,   96 A 16 6 1.57 -30 0 0 0, 
104 A 10 0 0 0 50 0 -2,  104 A 12 16 0 0 -50 0 2,  104 A 0 12 1.57 50 0 -2 0, 
112 A 6 0 0 0 50 0 -2,   112 A 8 16 0 0 -50 0 2,   112 A 16 8 1.57 -50 0 2 0, 112 A 16 4 1.57 -50 0 2 0,
120 A 4 0 0 0 50 0 -2,   120 A 0 4 1.57 50 0 -2 0,  120 A 16 6 1.57 -50 0 2 0,
128 A 10 16 0 0 -50 0 2, 128 A 0 8 1.57 50 0 -2 0,  128 A 16 10 1.57 -50 0 2 0,
176 A 8 0 0 0 65 0 -4 800 120,
176 A 16 12 1.57 -50 0 0 0,
180 A 16 10 1.57 -50 0 0 0,
184 A 16 12 1.57 -50 0 0 0,
188 A 16 10 1.57 -50 0 0 0,
188 L 6 14 3.14,    188 L 10 14 3.14,
196 L 4 2 0,        196 L 8 2 0,        196 L 12 2 0,
200 A 16 5 1.57 -50 0 0 0 200 60, 200 A 16 11 1.57 -50 0 0 0 200 60, 204 T 0 0 0 50 0 0 0, 
208 A 4 0 0 0 50 0 0 100 60,      208 A 10 0 0 0 50 0 0 300 60,      212 T 16 0 0 50 0 0 0, 
216 A 0 9 1.57 50 0 0 0 400 60,   220 T 16 16 0 50 0 0 0,
224 A 6 16 0 0 -50 0 0 300 60,    224 A 12 16 0 0 -50 0 0 100 60,  228 T 0 16 0 50 0 0 0,
228 T 2 2 0 50 0 0 0,      230 T 8 0 0 50 0 0 0,      232 T 14 2 0 50 0 0 0,      234 T 16 8 0 50 0 0 0,      236 T 14 14 0 50 0 0 0,
238 T 8 16 0 50 0 0 0,     240 T 2 14 0 50 0 0 0,     242 T 0 8 0 50 0 0 0,
252 A 4 0 0 0 40 0 0,      252 A 8 16 0 0 -40 0 0,    252 A 0 12 1.57 40 0 0 0,   252 A 16 10 1.57 -40 0 0 0,
258 A 12 0 0 0 40 0 0,     258 A 6 16 0 0 -40 0 0,    258 A 0 8 1.57 40 0 0 0,    258 A 16 4 1.57 -40 0 0 0,
264 A 10 0 0 0 40 0 0,     264 A 8 16 0 0 -40 0 0,    264 A 0 6 1.57 40 0 0 0,    264 A 16 10 1.57 -40 0 0 0,
270 A 4 0 0 0 40 0 0,      270 A 12 16 0 0 -40 0 0,   270 A 0 12 1.57 40 0 0 0,   270 A 16 8 1.57 -40 0 0 0,
276 A 6 0 0 0 40 0 0,      276 A 10 16 0 0 -40 0 0,   276 A 0 4 1.57 40 0 0 0,    276 A 16 6 1.57 -40 0 0 0,
282 A 8 0 0 0 65 0 -3,     282 A 12 16 0 0 -65 0 3,   282 A 0 10 1.57 65 0 -3 0,  282 A 16 8 1.57 -65 0 3 0,
288 A 10 0 0 0 65 0 -3,    288 A 4 16 0 0 -65 0 3,    288 A 0 12 1.57 65 0 -3 0,  288 A 16 6 1.57 -65 0 3 0,
335 A 0 6 1.57 20 0 0 0 300 40, 335 A 16 10 1.57 -20 0 0 0 300 40,
350 A 0 6 1.57 20 0 0 0 300 40, 350 A 16 10 1.57 -20 0 0 0 300 40, 350 T 14 14 0 50 0 0 0,
365 A 0 6 1.57 20 0 0 0 300 40, 365 A 16 10 1.57 -20 0 0 0 300 40, 365 T 0 0 0 50 0 0 0,
380 A 0 6 1.57 20 0 0 0 300 40, 380 A 16 10 1.57 -20 0 0 0 300 40, 380 T 14 0 0 50 0 0 0, 380 T 0 14 0 50 0 0 0,
395 A 0 6 1.57 20 0 0 0 300 40, 395 A 16 10 1.57 -20 0 0 0 300 40, 395 T 16 8 0 50 0 0 0, 395 T 0 8 0 50 0 0 0,
420 A 6 0 0 0 30 0 0 300 40, 420 A 10 16 0 0 -30 0 0 300 40,
432 A 6 0 0 0 30 0 0 300 40, 432 A 10 16 0 0 -30 0 0 300 40, 438 T 14 14 0 50 0 0 0,
444 A 6 0 0 0 30 0 0 300 40, 444 A 10 16 0 0 -30 0 0 300 40, 450 T 0 14 0 50 0 0 0,
456 A 6 0 0 0 30 0 0 300 40, 456 A 10 16 0 0 -30 0 0 300 40, 462 T 0 0 0 50 0 0 0,
468 A 6 0 0 0 30 0 0 300 40, 468 A 10 16 0 0 -30 0 0 300 40, 474 T 14 0 0 50 0 0 0,
480 A 6 0 0 0 30 0 0 300 40, 480 A 10 16 0 0 -30 0 0 300 40, 486 T 14 14 0 50 0 0 0,
510 A 8 0 0 0 65 0 -4 800 120,
510 A 16 12 1.57 -50 0 0 0,
514 A 16 10 1.57 -50 0 0 0,
518 A 16 12 1.57 -50 0 0 0,
522 A 16 10 1.57 -50 0 0 0,
526 A 16 10 1.57 -50 0 0 0,
530 A 16 8 1.57 -65 0 4 0 800 120,
530 A 4 0 0 0 50 0 0,
534 A 4 0 0 0 50 0 0,
538 A 6 0 0 0 50 0 0,
542 A 4 0 0 0 50 0 0,
546 A 6 0 0 0 50 0 0,
550 A 0 8 1.57 65 0 -4 0 800 120,
550 A 12 16 0 0 -50 0 0,
554 A 10 16 0 0 -50 0 0,
558 A 12 16 0 0 -50 0 0,
562 A 12 16 0 0 -50 0 0,
566 A 10 16 0 0 -50 0 0,
570 A 8 16 0 0 -65 0 4 800 120,
570 A 16 4 1.57 -50 0 0 0,
574 A 16 6 1.57 -50 0 0 0,
578 A 16 4 1.57 -50 0 0 0,
582 A 16 6 1.57 -50 0 0 0,
586 A 16 4 1.57 -50 0 0 0,
590 L 2 8 4.71, 590 L 8 14 3.14,
600 A 7 0 0 0 20 0 0 500 60, 600 A 9 16 0 0 -20 0 0 500 60, 600 L 2 2 5.49, 600 L 14 2 0.79,
615 L 8 2 0, 615 L 14 8 1.57,
630 A 0 6 1.57 20 0 0 0 400 60, 630 A 0 12 1.57 20 0 0 0 100 60, 630 A 16 10 1.57 -20 0 0 0 400 60, 630 A 16 4 1.57 -20 0 0 0 100 60,
630 L 14 14 2.37, 630 L 2 14 3.93,
645 L 2 8 4.71, 645 L 8 14 3.14,
680 A 4 2 0 0 -4 0 4 100 60,     680 A 10 2 0 0 -4 0 4 400 60,    680 T 0 16 0 20 0 0 0,
688 A 6 2 0 0 -4 0 4 400 60,     688 A 12 2 0 0 -4 0 4 100 60,
696 A 5 2 0 0 -4 0 4 200 60,     696 A 11 2 0 0 -4 0 4 200 60,
704 A 2 6 1.57 -4 0 4 0 400 60,  704 A 2 12 1.57 -4 0 4 0 100 60, 704 T 16 0 0 20 0 0 0,
712 A 2 10 1.57 -4 0 4 0 400 60, 712 A 2 4 1.57 -4 0 4 0 100 60,
720 A 2 5 1.57 -4 0 4 0 200 60,  720 A 2 11 1.57 -4 0 4 0 200 60,
728 A 7 14 0 0 4 0 -4 500 60,    728 T 16 16 0 20 0 0 0,
736 A 5 14 0 0 4 0 -4 200 60,    736 A 11 14 0 0 4 0 -4 200 60,
744 A 4 14 0 0 4 0 -4 100 60,    744 A 10 14 0 0 4 0 -4 400 60,
764 L 12 2 0,    766 L 14 4 1.57, 768 L 14 8 1.57, 770 L 14 12 1.57, 772 L 10 14 3.14, 770 T 16 16 0 21 0 0 0,
774 L 6 14 3.14, 776 L 2 10 4.71, 778 L 2 6 4.71,  780 L 4 2 0,      782 L 8 2 0,      780 T 16 0 0 21 0 0 0,
784 L 12 2 0,    786 L 14 4 1.57, 788 L 14 8 1.57, 790 L 14 12 1.57, 792 L 10 14 3.14, 790 T 0 0 0 21 0 0 0,
794 L 6 14 3.14, 796 L 2 10 4.71, 798 L 2 6 4.71,  800 L 4 2 0,      802 L 8 2 0,      800 T 0 16 0 21 0 0 0,
804 L 12 2 0,    806 L 14 4 1.57, 808 L 14 8 1.57, 810 L 14 12 1.57, 812 L 10 14 3.14,
814 L 6 14 3.14, 816 L 2 10 4.71, 818 L 2 6 4.71,  820 L 4 2 0,      822 L 8 2 0,
850 A 0 5 0 30 0 0 0,  850 A 16 7 0 -30 0 0 0,  850 A 0 9 0 30 0 0 0,  850 A 16 11 0 -30 0 0 0, 850 A 0 4 1.57 20 0 0 0,  850 A 16 6 1.57 -25 0 0 0,
860 A 0 5 0 30 0 0 0,  860 A 16 7 0 -30 0 0 0,  860 A 0 9 0 30 0 0 0,  860 A 16 11 0 -30 0 0 0, 860 A 0 12 1.57 25 0 0 0, 860 A 16 8 1.57 -20 0 0 0,
870 A 0 5 0 30 0 0 0,  870 A 16 7 0 -30 0 0 0,  870 A 0 9 0 30 0 0 0,  870 A 16 11 0 -30 0 0 0, 870 A 0 8 1.57 25 0 0 0,  870 A 16 10 1.57 -20 0 0 0,
880 A 0 5 0 30 0 0 0,  880 A 16 7 0 -30 0 0 0,  880 A 0 9 0 30 0 0 0,  880 A 16 11 0 -30 0 0 0, 880 A 0 6 1.57 20 0 0 0,  880 A 16 4 1.57 -25 0 0 0,
890 A 0 5 0 30 0 0 0,  890 A 16 7 0 -30 0 0 0,  890 A 0 9 0 30 0 0 0,  890 A 16 11 0 -30 0 0 0, 890 A 0 10 1.57 25 0 0 0, 890 A 16 12 1.57 -20 0 0 0,
900 A 0 5 0 30 0 0 0,  900 A 16 7 0 -30 0 0 0,  900 A 0 9 0 30 0 0 0,  900 A 16 11 0 -30 0 0 0, 900 A 0 8 1.57 20 0 0 0,  900 A 16 10 1.57 -25 0 0 0,
930 A 5 0 1.57 0 40 0 0, 930 A 7 16 1.57 0 -40 0 0, 930 A 9 0 1.57 0 40 0 0, 930 A 11 16 1.57 0 -40 0 0, 930 A 10 0 0 0 30 0 0, 930 A 6 16 0 0 -30 0 0,  930 A 0 4 1.57 20 0 0 0,
938 A 5 0 1.57 0 40 0 0, 938 A 7 16 1.57 0 -40 0 0, 938 A 9 0 1.57 0 40 0 0, 938 A 11 16 1.57 0 -40 0 0, 938 A 4 0 0 0 30 0 0,  938 A 8 16 0 0 -30 0 0,  938 A 16 10 1.57 -20 0 0 0,
946 A 5 0 1.57 0 40 0 0, 946 A 7 16 1.57 0 -40 0 0, 946 A 9 0 1.57 0 40 0 0, 946 A 11 16 1.57 0 -40 0 0, 946 A 12 0 0 0 30 0 0, 946 A 10 16 0 0 -30 0 0, 946 A 0 8 1.57 20 0 0 0,
954 A 5 0 1.57 0 40 0 0, 954 A 7 16 1.57 0 -40 0 0, 954 A 9 0 1.57 0 40 0 0, 954 A 11 16 1.57 0 -40 0 0, 954 A 8 0 0 0 30 0 0,  954 A 4 16 0 0 -30 0 0,  954 A 16 6 1.57 -20 0 0 0,
962 A 5 0 1.57 0 40 0 0, 962 A 7 16 1.57 0 -40 0 0, 962 A 9 0 1.57 0 40 0 0, 962 A 11 16 1.57 0 -40 0 0, 962 A 6 0 0 0 30 0 0,  962 A 12 16 0 0 -30 0 0, 962 A 0 12 1.57 20 0 0 0,
970 A 5 0 1.57 0 40 0 0, 970 A 7 16 1.57 0 -40 0 0, 970 A 9 0 1.57 0 40 0 0, 970 A 11 16 1.57 0 -40 0 0, 970 A 10 0 0 0 30 0 0, 970 A 8 16 0 0 -30 0 0,  970 A 16 10 1.57 -20 0 0 0,
978 A 5 0 1.57 0 40 0 0, 978 A 7 16 1.57 0 -40 0 0, 978 A 9 0 1.57 0 40 0 0, 978 A 11 16 1.57 0 -40 0 0, 978 A 12 0 0 0 30 0 0, 978 A 4 16 0 0 -30 0 0,  978 A 0 4 1.57 20 0 0 0,
986 A 5 0 1.57 0 40 0 0, 986 A 7 16 1.57 0 -40 0 0, 986 A 9 0 1.57 0 40 0 0, 986 A 11 16 1.57 0 -40 0 0, 986 A 6 0 0 0 30 0 0,  986 A 10 16 0 0 -30 0 0, 986 A 16 8 1.57 -20 0 0 0,
994 A 5 0 1.57 0 40 0 0, 994 A 7 16 1.57 0 -40 0 0, 994 A 9 0 1.57 0 40 0 0, 994 A 11 16 1.57 0 -40 0 0,
1020 A 0 5 0 50 0 0 0,  1020 A 16 7 0 -50 0 0 0,  1020 A 0 9 0 50 0 0 0,     1020 A 16 11 0 -50 0 0 0, 1020 A 5 0 1.57 0 50 0 0, 1020 A 7 16 1.57 0 -50 0 0, 1020 A 9 0 1.57 0 50 0 0, 1020 A 11 16 1.57 0 -50 0 0,
1020 A 4 0 0 0 40 0 0,  1020 A 8 16 0 0 -40 0 0,  1020 A 0 12 1.57 40 0 0 0, 1020 A 16 10 1.57 -40 0 0 0,
1026 A 0 5 0 50 0 0 0,  1026 A 16 7 0 -50 0 0 0,  1026 A 0 9 0 50 0 0 0,     1026 A 16 11 0 -50 0 0 0, 1026 A 5 0 1.57 0 50 0 0, 1026 A 7 16 1.57 0 -50 0 0, 1026 A 9 0 1.57 0 50 0 0, 1026 A 11 16 1.57 0 -50 0 0,
1026 A 12 0 0 0 40 0 0, 1026 A 6 16 0 0 -40 0 0,  1026 A 0 8 1.57 40 0 0 0,  1026 A 16 4 1.57 -40 0 0 0,
1032 A 0 5 0 50 0 0 0,  1032 A 16 7 0 -50 0 0 0,  1032 A 0 9 0 50 0 0 0,     1032 A 16 11 0 -50 0 0 0, 1032 A 5 0 1.57 0 50 0 0, 1032 A 7 16 1.57 0 -50 0 0, 1032 A 9 0 1.57 0 50 0 0, 1032 A 11 16 1.57 0 -50 0 0,
1032 A 10 0 0 0 40 0 0, 1032 A 8 16 0 0 -40 0 0,  1032 A 0 6 1.57 40 0 0 0,  1032 A 16 10 1.57 -40 0 0 0,
1038 A 0 5 0 50 0 0 0,  1038 A 16 7 0 -50 0 0 0,  1038 A 0 9 0 50 0 0 0,     1038 A 16 11 0 -50 0 0 0, 1038 A 5 0 1.57 0 50 0 0, 1038 A 7 16 1.57 0 -50 0 0, 1038 A 9 0 1.57 0 50 0 0, 1038 A 11 16 1.57 0 -50 0 0,
1038 A 4 0 0 0 40 0 0,  1038 A 12 16 0 0 -40 0 0, 1038 A 0 12 1.57 40 0 0 0, 1038 A 16 8 1.57 -40 0 0 0,
1044 A 0 5 0 50 0 0 0,  1044 A 16 7 0 -50 0 0 0,  1044 A 0 9 0 50 0 0 0,     1044 A 16 11 0 -50 0 0 0, 1044 A 5 0 1.57 0 50 0 0, 1044 A 7 16 1.57 0 -50 0 0, 1044 A 9 0 1.57 0 50 0 0, 1044 A 11 16 1.57 0 -50 0 0,
1044 A 6 0 0 0 40 0 0,  1044 A 10 16 0 0 -40 0 0, 1044 A 0 4 1.57 40 0 0 0,  1044 A 16 6 1.57 -40 0 0 0,
1050 A 0 5 0 50 0 0 0,  1050 A 16 7 0 -50 0 0 0,  1050 A 0 9 0 50 0 0 0,     1050 A 16 11 0 -50 0 0 0, 1050 A 5 0 1.57 0 50 0 0, 1050 A 7 16 1.57 0 -50 0 0, 1050 A 9 0 1.57 0 50 0 0, 1050 A 11 16 1.57 0 -50 0 0,
1050 A 8 0 0 0 65 0 -3, 1050 A 12 16 0 0 -65 0 3, 1050 A 0 10 1.57 65 0 -3 0, 1050 A 16 8 1.57 -65 0 3 0,
1056 A 0 5 0 50 0 0 0,  1056 A 16 7 0 -50 0 0 0,  1056 A 0 9 0 50 0 0 0,      1056 A 16 11 0 -50 0 0 0, 1056 A 5 0 1.57 0 50 0 0, 1056 A 7 16 1.57 0 -50 0 0, 1056 A 9 0 1.57 0 50 0 0, 1056 A 11 16 1.57 0 -50 0 0,
1056 A 10 0 0 0 65 0 -3, 1056 A 4 16 0 0 -65 0 3, 1056 A 0 12 1.57 65 0 -3 0, 1056 A 16 6 1.57 -65 0 3 0,
1062 A 0 5 0 50 0 0 0,  1062 A 16 7 0 -50 0 0 0,  1062 A 0 9 0 50 0 0 0,  1062 A 16 11 0 -50 0 0 0, 1062 A 5 0 1.57 0 50 0 0, 1062 A 7 16 1.57 0 -50 0 0, 1062 A 9 0 1.57 0 50 0 0, 1062 A 11 16 1.57 0 -50 0 0,
1180 O 16 6 1.57 10 0 -5 0 400 30,  1180 O 16 12 1.57 10 0 -5 0 100 30,
1183 O 16 5 1.57 10 0 -5 0 200 30,  1183 O 16 11 1.57 10 0 -5 0 200 30,
1186 O 16 10 1.57 10 0 -5 0 400 30, 1186 O 16 4 1.57 10 0 -5 0 100 30,  1186 B 0 10 1.57 -10 0 5 0 400 30, 1186 B 0 4 1.57 -10 0 5 0 100 30,
1189 O 16 10 1.57 10 0 -5 0 400 30, 1189 O 16 4 1.57 10 0 -5 0 100 30,  1189 B 0 10 1.57 -10 0 5 0 400 30, 1189 B 0 4 1.57 -10 0 5 0 100 30,
1192 O 16 5 1.57 10 0 -5 0 200 30,  1192 O 16 11 1.57 10 0 -5 0 200 30, 1192 B 0 10 1.57 -10 0 5 0 400 30, 1192 B 0 4 1.57 -10 0 5 0 100 30,
1195 O 16 5 1.57 10 0 -5 0 200 30,  1195 O 16 11 1.57 10 0 -5 0 200 30, 1195 B 0 11 1.57 -10 0 5 0 200 30, 1195 B 0 5 1.57 -10 0 5 0 200 30,
1198 O 16 6 1.57 10 0 -5 0 400 30,  1198 O 16 12 1.57 10 0 -5 0 100 30, 1198 B 0 12 1.57 -10 0 5 0 100 30, 1198 B 0 6 1.57 -10 0 5 0 400 30,
1201 O 16 6 1.57 10 0 -5 0 400 30,  1201 O 16 12 1.57 10 0 -5 0 100 30, 1201 B 0 7 1.57 -10 0 5 0 500 30,
1204 O 16 6 1.57 10 0 -5 0 400 30,  1204 B 0 7 1.57 -10 0 5 0 500 30,
1207 O 16 6 1.57 10 0 -5 0 400 30,  1207 O 16 12 1.57 10 0 -5 0 100 30, 1207 B 0 12 1.57 -10 0 5 0 100 30, 1207 B 0 6 1.57 -10 0 5 0 400 30,
1210 O 16 5 1.57 10 0 -5 0 200 30,  1210 O 16 11 1.57 10 0 -5 0 200 30, 1210 B 0 11 1.57 -10 0 5 0 200 30, 1210 B 0 5 1.57 -10 0 5 0 200 30,
1213 O 16 10 1.57 10 0 -5 0 400 30, 1213 O 16 4 1.57 10 0 -5 0 100 30,  1213 B 0 10 1.57 -10 0 5 0 400 30, 1213 B 0 4 1.57 -10 0 5 0 100 30,
1216 O 16 9 1.57 10 0 -5 0 500 30,  1216 B 0 9 1.57 -10 0 5 0 500 30,
1219 O 16 9 1.57 10 0 -5 0 500 30,  1219 B 0 10 1.57 -10 0 5 0 400 30,  1219 B 0 4 1.57 -10 0 5 0 100 30,
1222 O 16 10 1.57 10 0 -5 0 400 30, 1222 O 16 4 1.57 10 0 -5 0 100 30,  1222 B 0 11 1.57 -10 0 5 0 200 30, 1222 B 0 5 1.57 -10 0 5 0 200 30,
1225 O 16 5 1.57 10 0 -5 0 200 30,  1225 O 16 11 1.57 10 0 -5 0 200 30, 1225 B 0 11 1.57 -10 0 5 0 200 30, 1225 B 0 5 1.57 -10 0 5 0 200 30,
1228 O 16 6 1.57 10 0 -5 0 400 30,  1228 O 16 12 1.57 10 0 -5 0 100 30, 1228 B 0 12 1.57 -10 0 5 0 100 30, 1228 B 0 6 1.57 -10 0 5 0 400 30,
1231 O 16 6 1.57 10 0 -5 0 400 30,  1231 O 16 12 1.57 10 0 -5 0 100 30, 1231 B 0 12 1.57 -10 0 5 0 100 30, 1231 B 0 6 1.57 -10 0 5 0 400 30,
1234 O 16 5 1.57 10 0 -5 0 200 30,  1234 O 16 11 1.57 10 0 -5 0 200 30, 1234 B 0 11 1.57 -10 0 5 0 200 30, 1234 B 0 5 1.57 -10 0 5 0 200 30,
1237 O 16 10 1.57 10 0 -5 0 400 30, 1237 O 16 4 1.57 10 0 -5 0 100 30,  1237 B 0 10 1.57 -10 0 5 0 400 30, 1237 B 0 4 1.57 -10 0 5 0 100 30,
1240 O 16 9 1.57 10 0 -5 0 500 30,  1240 B 0 9 1.57 -10 0 5 0 500 30,
1260 A 8 0 0 0 140 0 -18 800 120,
1264 A 16 8 1.57 -140 0 18 0 800 120,
1268 A 8 16 0 0 -140 0 18 800 120,
1272 A 0 8 1.57 140 0 -18 0 800 120,
1276 A 8 16 0 0 -140 0 18 800 120,
1280 A 16 8 1.57 -140 0 18 0 800 120,
1284 A 8 0 0 0 140 0 -18 800 120,
1288 A 16 8 1.57 -140 0 18 0 800 120,
1292 A 8 16 0 0 -140 0 18 800 120,
1296 A 0 8 1.57 140 0 -18 0 800 120,
1300 A 8 16 0 0 -140 0 18 800 120, 
1320 S 2 2 5.5,    1321 S 4 2 5.7,    1322 S 6 2 5.96,   1323 S 8 2 0,      1324 S 10 2 0.322, 
1325 S 12 2 .588,  1326 S 14 2 .785,  1327 S 14 4 .982,  1328 S 14 6 1.25,  1329 S 14 8 1.57,
1330 S 14 10 1.89, 1331 S 14 12 2.15, 1332 S 14 14 2.35, 1333 S 12 14 2.55, 1334 S 10 14 2.82,
1335 S 14 13 2.27, 1336 S 14 11 2.03, 1337 S 14 9 1.74,  1338 S 14 7 1.41,  1339 S 14 5 1.11,
1340 S 14 3 .876,  1341 S 13 2 .695,  1342 S 11 2 .464,  1343 S 9 2 .165,   1344 S 7 2 6.08,
1345 S 5 2 5.78,   1346 S 3 2 5.59,   1347 S 2 3 5.41,   1348 S 2 5 5.17,   1349 S 2 7 4.87,
1355 S 2 2 5.5, 1355 S 4 2 5.5, 1355 S 2 4 5.5, 1355 S 14 2 .79, 1355 S 12 2 .79, 1355 S 14 4 .79,
1374 A 12 0 0 0 30 0 0,   1374 A 0 4 1.57 30 0 0 0,   1374 A 16 10 1.57 -30 0 0 0, 
1382 A 8 16 0 0 -30 0 0,  1382 A 0 8 1.57 30 0 0 0,   1382 A 16 6 1.57 -30 0 0 0,
1390 A 10 0 0 0 30 0 0,   1390 A 6 16 0 0 -30 0 0,    1390 A 0 4 1.57 30 0 0 0, 
1398 A 4 0 0 0 30 0 0,    1398 A 12 16 0 0 -30 0 0,   1398 A 16 10 1.57 -30 0 0 0, 
1406 A 10 0 0 0 30 0 0,   1406 A 0 6 1.57 30 0 0 0,   1406 A 16 8 1.57 -30 0 0 0, 
1414 A 8 16 0 0 -30 0 0,  1414 A 0 4 1.57 30 0 0 0,   1414 A 16 12 1.57 -30 0 0 0, 
1422 A 6 0 0 0 30 0 0,    1422 A 8 16 0 0 -30 0 0,    1422 A 0 10 1.57 30 0 0 0, 
1430 A 12 0 0 0 30 0 0,   1430 A 10 16 0 0 -30 0 0,   1430 A 16 8 1.57 -30 0 0 0, 
1438 A 4 0 0 0 30 0 0,    1438 A 0 4 1.57 30 0 0 0,   1438 A 16 12 1.57 -30 0 0 0, 
1446 A 6 16 0 0 -30 0 0,  1446 A 0 8 1.57 30 0 0 0,   1446 A 16 6 1.57 -30 0 0 0,
1454 A 8 0 0 0 30 0 0,    1454 A 6 16 0 0 -30 0 0,    1454 A 0 8 1.57 30 0 0 0, 
1462 A 4 0 0 0 30 0 0,    1462 A 10 16 0 0 -30 0 0,   1462 A 16 12 1.57 -30 0 0 0